#NUMBER_OF_ATOMS 67
F    CYS  4      N    0    20.843   -48.949  42.855   25     
F    MET  18     O    1    19.899   -48.143  40.127   134    
F    HIS  5      N    2    19.175   -47.093  45.385   31     
F    ASP  70     OD1  3    20.211   -47.906  47.786   549    
F    ASP  12     N    4    13.353   -48.054  57.416   83     
F    ASN  10     O    5    15.329   -45.844  58.186   74     
F    MET  18     N    6    17.424   -47.92   41.478   131    
F    CYS  4      O    7    19.191   -46.692  43.192   28     
F    ARG  19     NE   8    20.553   -52.965  37.221   146    
F    ASP  3      OD1  9    19.234   -52.211  39.425   23     
F    ARG  19     NH2  10   19.332   -54.814  37.701   149    
F    ASP  3      OD2  11   19.35    -54.167  40.407   24     
F    CYS  20     N    12   21.999   -48.56   37.693   150    
F    LEU  2      O    13   22.511   -50.641  39.505   12     
F    VAL  24     N    14   29.63    -48.269  36.816   176    
F    PRO  21     O    15   26.779   -49.159  35.835   159    
F    CYS  27     N    16   27.453   -47.13   45.375   200    
F    CYS  67     O    17   28.597   -48.679  47.265   519    
F    MET  28     N    18   27.012   -44.015  46.795   206    
F    SER  44     O    19   25.847   -42.592  44.683   344    
F    THR  29     N    20   26.562   -42.115  49.727   214    
F    SER  65     O    21   28.561   -43.624  51.245   507    
F    THR  30     N    22   26.13    -38.943  51.051   221    
F    SER  42     O    23   24.701   -37.872  48.823   329    
F    ARG  31     NH1  24   20.269   -40.197  55.735   237    
F    ALA  8      O    25   18.708   -42.553  54.134   57     
F    ARG  31     NH2  26   21.221   -42.097  55.03    238    
F    ARG  31     N    27   25.765   -36.957  53.865   228    
F    THR  63     O    28   28.301   -37.851  54.875   493    
F    THR  32     N    29   24.755   -33.848  55.194   239    
F    LYS  40     O    30   21.963   -33.728  53.886   313    
F    TYR  33     N    31   24.848   -31.646  57.955   246    
F    ALA  61     O    32   27.56    -31.873  58.653   482    
F    SER  42     N    33   22.73    -35.955  50.034   326    
F    THR  30     O    34   24.66    -36.712  51.924   224    
F    LYS  43     NZ   35   20.879   -45.361  49.181   340    
F    ASP  70     OD2  36   21.667   -48.019  49.406   550    
F    CYS  7      O    37   18.239   -44.041  49.276   51     
F    SER  44     N    38   24.246   -40.594  45.388   341    
F    MET  28     O    39   25.874   -41.538  47.66    209    
F    VAL  46     N    40   28.212   -44.008  41.74    353    
F    TYR  26     O    41   27.734   -46.434  43.255   191    
F    ARG  48     NH1  42   38.964   -40.83   44.098   376    
F    GLU  51     OE1  43   39.533   -39.11   46.298   402    
F    ARG  48     NH2  44   38.814   -39.039  42.768   377    
F    GLU  51     OE2  45   40.088   -37.742  44.671   403    
F    PHE  50     N    46   34.58    -40.577  45.232   384    
F    ARG  48     O    47   33.439   -42.793  43.466   370    
F    SER  58     N    48   33.799   -25.898  56.849   454    
F    TYR  34     OH   49   30.873   -25.39   57.762   269    
F    LYS  59     NZ   50   33.627   -28.751  52.194   468    
F    ASP  55     O    51   30.874   -28.038  52.146   433    
F    HIS  60     N    52   33.516   -31.022  59.008   469    
F    SER  58     OG   53   34.002   -28.113  59.914   459    
F    THR  63     N    54   29.018   -36.255  56.89    490    
F    ARG  31     O    55   26.576   -35.069  55.715   231    
F    THR  64     OG1  56   30.663   -37.692  52.41    503    
F    THR  30     OG1  57   28.65    -37.436  50.356   227    
F    SER  65     OG   58   29.15    -45.573  54.481   509    
F    ASN  73     O    59   27.043   -46.786  55.739   568    
F    SER  65     N    60   29.475   -42.002  53.401   504    
F    THR  29     O    61   27.376   -40.587  51.938   217    
F    CYS  67     N    62   29.557   -47.179  49.426   516    
F    CYS  27     O    63   27.487   -45.893  47.898   203    
F    GLN  68     N    64   29.592   -50.497  48.084   522    
F    GLN  68     OE1  65   32.164   -51.135  49.178   530    
F    LEU  71     N    66   21.696   -50.34   50.92    551    
#NUMBER_OF_HBONDS 35
0     1     
2     3     
4     5     
6     7     
8     9     
10    11    
12    13    
14    15    
16    17    
18    19    
20    21    
22    23    
24    25    
26    25    
27    28    
29    30    
31    32    
33    34    
35    36    
35    37    
38    39    
40    41    
42    43    
44    45    
46    47    
48    49    
50    51    
52    53    
54    55    
56    57    
58    59    
60    61    
62    63    
64    65    
66    36    
