#NUMBER_OF_ATOMS 80
B    PHE  104    N    0    20.43    -48.298  46.244   69     
B    ASN  182    OD1  1    20.254   -48.807  48.961   1237   
B    CYS  106    N    2    18.488   -42.895  45.742   103    
B    LYS  148    O    3    20.909   -41.79   45.076   752    
B    ALA  109    N    4    15.307   -36.989  49.581   150    
B    VAL  146    O    5    18.461   -37.571  49.954   722    
B    GLU  114    N    6    12.729   -43.822  55.54    217    
B    ASP  111    OD2  7    13.019   -41.252  56.982   177    
B    CYS  115    N    8    13.248   -43.63   52.834   232    
B    ASP  111    O    9    15.076   -41.282  54.103   173    
B    ASN  116    ND2  10   17.212   -47.307  54.328   249    
B    ASN  182    O    11   19.857   -46.879  53.773   1234   
B    ASN  116    N    12   14.367   -46.147  52.109   242    
B    TYR  113    O    13   13.394   -45.886  54.939   199    
B    ASN  112    O    14   15.995   -44.805  54.207   185    
B    ARG  117    N    15   12.31    -47.701  53.052   256    
B    TRP  118    N    16   10.372   -47.509  51.111   280    
B    GLU  114    O    17   11.364   -44.795  52.439   220    
B    ALA  119    N    18   11.749   -48.139  48.739   304    
B    CYS  115    O    19   13.371   -45.782  50.125   235    
B    ILE  122    N    20   13.493   -49.351  40.709   340    
B    PRO  120    O    21   13.23    -48.999  43.436   317    
B    THR  128    OG1  22   26.491   -47.709  37.626   448    
B    PRO  125    O    23   24.379   -48.318  36.164   393    
B    TYR  130    N    24   30.846   -48.25   42.284   481    
B    VAL  151    O    25   30.402   -45.623  41.401   808    
B    TYR  132    N    26   27.666   -43.789  45.748   512    
B    ARG  149    O    27   25.425   -43.378  44.236   774    
B    THR  133    N    28   27.167   -41.472  48.426   533    
B    SER  174    O    29   29.572   -41.807  49.96    1138   
B    GLN  134    N    30   25.39    -38.929  50.023   547    
B    THR  147    O    31   22.781   -39.272  48.647   738    
B    HIS  135    ND1  32   21.533   -36.579  55.772   570    
B    SER  145    O    33   19.943   -35.054  53.887   711    
B    HIS  135    N    34   24.603   -36.94   52.649   564    
B    CYS  172    O    35   27.831   -36.352  52.895   1114   
B    THR  136    N    36   22.571   -34.403  53.849   581    
B    MET  137    N    37   22.665   -32.24   56.488   595    
B    LYS  170    O    38   25.264   -31.489  56.926   1076   
B    GLU  138    N    39   21.361   -30.112  59.16    612    
B    ASN  142    O    40   19.607   -32.201  60.052   667    
B    ILE  144    N    41   18.105   -33.058  57.526   689    
B    THR  136    O    42   20.705   -33.054  55.742   584    
B    SER  145    N    43   17.914   -33.495  54.783   708    
B    VAL  146    N    44   18.724   -35.994  52.245   719    
B    ALA  109    O    45   16.008   -36.631  52.296   153    
B    THR  147    OG1  46   20.376   -35.802  47.814   740    
B    GLN  134    OE1  47   23.136   -34.743  48.571   554    
B    THR  147    N    48   20.701   -37.689  49.773   735    
B    GLN  134    O    49   23.143   -37.167  50.951   550    
B    LYS  148    N    50   21.186   -40.331  47.465   749    
B    CYS  106    O    51   18.852   -40.227  45.348   106    
B    ARG  149    N    52   23.109   -42.251  45.158   771    
B    TYR  132    O    53   25.614   -42.579  47.231   515    
B    VAL  151    N    54   27.86    -44.521  41.461   805    
B    TYR  130    O    55   28.598   -46.971  43.061   484    
B    GLU  155    N    56   34.592   -41.517  40.501   869    
B    PRO  152    O    57   33.231   -43.977  40.976   824    
B    CYS  156    N    58   34.321   -41.972  43.149   884    
B    LEU  153    O    59   36.367   -43.742  42.132   838    
B    LEU  157    N    60   36.828   -41.65   44.121   894    
B    GLU  154    O    61   36.555   -40.593  41.1     857    
B    GLY  160    N    62   34.865   -38.316  51.938   938    
B    THR  173    O    63   31.881   -38.477  52.646   1124   
B    LYS  170    N    64   25.169   -28.544  57.234   1073   
B    MET  137    O    65   22.567   -29.666  57.313   598    
B    CYS  172    N    66   27.854   -34.203  54.619   1111   
B    HIS  135    O    67   24.717   -34.66   54.475   567    
B    THR  173    N    68   30.076   -36.355  52.742   1121   
B    GLY  160    O    69   33.328   -36.481  53.4     941    
B    SER  174    N    70   30.471   -39.635  51.329   1135   
B    THR  133    O    71   27.588   -39.315  50.319   536    
B    CYS  176    N    72   30.275   -46.425  49.577   1156   
B    CYS  131    O    73   28.843   -44.801  47.378   505    
B    ILE  180    N    74   23.315   -53.055  48.889   1202   
B    LYS  102    O    75   23.673   -52.077  45.85    40     
B    ASN  182    ND2  76   20.666   -46.599  48.99    1238   
B    PHE  104    O    77   20.339   -45.481  46.115   72     
B    ARG  187    NE   78   24.371   -38.343  67.919   1318   
B    ARG  187    O    79   27.164   -39.306  66.411   1314   
#NUMBER_OF_HBONDS 43
0     1     
2     3     
4     5     
6     7     
8     9     
10    11    
12    13    
12    14    
15    13    
16    17    
18    19    
20    21    
22    23    
24    25    
26    27    
28    29    
30    31    
32    33    
34    35    
36    33    
37    38    
39    40    
41    42    
43    42    
44    45    
46    47    
48    49    
50    51    
52    53    
54    55    
56    57    
58    57    
58    59    
60    61    
62    63    
64    65    
66    67    
68    69    
70    71    
72    73    
74    75    
76    77    
78    79    
